% 5*a-3*b=18
% 7*a+4*b=17

M=[5, -3;7, 4]
v=[18;17]
e=M\v